function [DdeltaT,DdeltaV] = AUTOFLARE(X)
    %% Оценка состояния ЛА
    H=X(12);
    Wz=X(3);
    THETA=X(13);
    HFL=X(15);
	EPS=X(16);
    X1=X(17); 
    %% Коэффициента автопилота
% k1= 20.002809;
%  k2 = -0.913305;
%  k3 = 19.993646;
%  k4 = -6.085211;
%  k5 = 10.778519;
%  k6 = -0.678383;

 % k1= -1.000000;
 % k2 = 0.295255;
 % k3 = 1.000000;
 % k4 = -1.000001;
 % k5 = -0.603100;
 % k6 = -0.466857;

    k1= -918.800309;
    k2 = 999.988246;
    k3 = -116.617694;
    k4 = -6.636565;
    k5 = 77.282784;
    k6 = 0.054131;
    %% Законы управления
    DdeltaV=k1*X1+k2*EPS+k3*(HFL-H)+k4*THETA*57.3+k5*Wz*57.3+k6*HFL;
    DdeltaT=0.0;
end